0 00000000 0
0 00000001 1
0 00000010 1
0 00000011 0
0 00000100 0
0 00000101 1
0 00000110 1
0 00000111 1
0 00001000 0
0 00001001 0
0 00001010 1
0 00001011 1
0 00001100 0
0 00001101 0
0 00001110 1
0 00001111 0
0 00010000 1
0 00010001 1
0 00010010 1
0 00010011 0
0 00010100 1
0 00010101 0
0 00010110 0
0 00010111 0
0 00011000 1
0 00011001 0
0 00011010 1
0 00011011 0
0 00011100 0
0 00011101 1
0 00011110 0
0 00011111 1
0 00100000 1
0 00100001 1
0 00100010 0
0 00100011 1
0 00100100 0
0 00100101 1
0 00100110 1
0 00100111 0
0 00101000 1
0 00101001 1
0 00101010 0
0 00101011 0
0 00101100 0
0 00101101 0
0 00101110 1
0 00101111 1
0 00110000 1
0 00110001 1
0 00110010 1
0 00110011 0
0 00110100 1
0 00110101 1
0 00110110 0
0 00110111 0
0 00111000 0
0 00111001 1
0 00111010 0
0 00111011 0
0 00111100 1
0 00111101 0
0 00111110 1
0 00111111 0
0 01000000 1
0 01000001 0
0 01000010 0
0 01000011 0
0 01000100 0
0 01000101 0
0 01000110 1
0 01000111 0
0 01001000 1
0 01001001 1
0 01001010 1
0 01001011 1
0 01001100 1
0 01001101 0
0 01001110 1
0 01001111 0
0 01010000 0
0 01010001 1
0 01010010 0
0 01010011 1
0 01010100 1
0 01010101 0
0 01010110 0
0 01010111 1
0 01011000 1
0 01011001 0
0 01011010 1
0 01011011 0
0 01011100 1
0 01011101 0
0 01011110 0
0 01011111 0
0 01100000 0
0 01100001 1
0 01100010 1
0 01100011 1
0 01100100 0
0 01100101 0
0 01100110 0
0 01100111 1
0 01101000 1
0 01101001 0
0 01101010 1
0 01101011 0
0 01101100 0
0 01101101 1
0 01101110 0
0 01101111 1
0 01110000 1
0 01110001 0
0 01110010 0
0 01110011 1
0 01110100 0
0 01110101 0
0 01110110 0
0 01110111 1
0 01111000 1
0 01111001 1
0 01111010 0
0 01111011 0
0 01111100 1
0 01111101 0
0 01111110 0
0 01111111 0
0 10000000 0
0 10000001 1
0 10000010 1
0 10000011 0
0 10000100 1
0 10000101 1
0 10000110 1
0 10000111 0
0 10001000 0
0 10001001 1
0 10001010 1
0 10001011 0
0 10001100 0
0 10001101 0
0 10001110 0
0 10001111 0
0 10010000 1
0 10010001 0
0 10010010 1
0 10010011 0
0 10010100 0
0 10010101 1
0 10010110 0
0 10010111 1
0 10011000 0
0 10011001 0
0 10011010 1
0 10011011 1
0 10011100 0
0 10011101 0
0 10011110 1
0 10011111 0
0 10100000 1
0 10100001 1
0 10100010 0
0 10100011 1
0 10100100 0
0 10100101 0
0 10100110 1
0 10100111 0
0 10101000 1
0 10101001 0
0 10101010 1
0 10101011 1
0 10101100 0
0 10101101 1
0 10101110 1
0 10101111 1
0 10110000 0
0 10110001 1
0 10110010 1
0 10110011 1
0 10110100 1
0 10110101 1
0 10110110 0
0 10110111 1
0 10111000 1
0 10111001 0
0 10111010 0
0 10111011 0
0 10111100 0
0 10111101 0
0 10111110 0
0 10111111 1
0 11000000 1
0 11000001 1
0 11000010 0
0 11000011 1
0 11000100 1
0 11000101 0
0 11000110 0
0 11000111 0
0 11001000 0
0 11001001 1
0 11001010 1
0 11001011 0
0 11001100 1
0 11001101 0
0 11001110 1
0 11001111 0
0 11010000 1
0 11010001 1
0 11010010 1
0 11010011 1
0 11010100 0
0 11010101 1
0 11010110 0
0 11010111 0
0 11011000 1
0 11011001 0
0 11011010 1
0 11011011 1
0 11011100 0
0 11011101 0
0 11011110 1
0 11011111 1
0 11100000 1
0 11100001 1
0 11100010 1
0 11100011 0
0 11100100 1
0 11100101 1
0 11100110 0
0 11100111 1
0 11101000 0
0 11101001 1
0 11101010 1
0 11101011 1
0 11101100 1
0 11101101 1
0 11101110 1
0 11101111 1
0 11110000 0
0 11110001 0
0 11110010 0
0 11110011 1
0 11110100 0
0 11110101 1
0 11110110 1
0 11110111 1
0 11111000 1
0 11111001 1
0 11111010 1
0 11111011 1
0 11111100 1
0 11111101 0
0 11111110 1
0 11111111 1
1 00000 1
1 00001 1
1 00010 1
1 00011 1
1 00100 1
1 00101 1
1 00110 1
1 00111 0
1 01000 1
1 01001 0
1 01010 0
1 01011 0
1 01100 0
1 01101 0
1 01110 0
1 01111 0
1 10000 1
1 10001 1
1 10010 0
1 10011 0
1 10100 0
1 10101 0
1 10110 0
1 10111 0
1 11000 0
1 11001 0
1 11010 0
1 11011 0
1 11100 0
1 11101 0
1 11110 0
1 11111 0
2 0000 1
2 0001 1
2 0010 1
2 0011 1
2 0100 1
2 0101 1
2 0110 1
2 0111 1
2 1000 1
2 1001 1
2 1010 1
2 1011 0
2 1100 1
2 1101 1
2 1110 1
2 1111 1
3 00000 1
3 00001 0
3 00010 0
3 00011 1
3 00100 1
3 00101 0
3 00110 1
3 00111 0
3 01000 1
3 01001 1
3 01010 0
3 01011 1
3 01100 1
3 01101 1
3 01110 1
3 01111 1
3 10000 0
3 10001 1
3 10010 1
3 10011 1
3 10100 1
3 10101 1
3 10110 0
3 10111 0
3 11000 1
3 11001 0
3 11010 1
3 11011 0
3 11100 0
3 11101 0
3 11110 1
3 11111 1
4 000000 1
4 000001 1
4 000010 0
4 000011 0
4 000100 0
4 000101 0
4 000110 1
4 000111 1
4 001000 0
4 001001 1
4 001010 0
4 001011 1
4 001100 0
4 001101 0
4 001110 0
4 001111 1
4 010000 0
4 010001 1
4 010010 1
4 010011 0
4 010100 0
4 010101 0
4 010110 1
4 010111 0
4 011000 0
4 011001 1
4 011010 1
4 011011 1
4 011100 1
4 011101 0
4 011110 1
4 011111 0
4 100000 1
4 100001 1
4 100010 1
4 100011 1
4 100100 1
4 100101 0
4 100110 1
4 100111 1
4 101000 1
4 101001 1
4 101010 1
4 101011 1
4 101100 1
4 101101 0
4 101110 1
4 101111 0
4 110000 0
4 110001 1
4 110010 0
4 110011 1
4 110100 0
4 110101 1
4 110110 1
4 110111 0
4 111000 1
4 111001 1
4 111010 0
4 111011 0
4 111100 1
4 111101 0
4 111110 1
4 111111 0
5 00000 1
5 00001 1
5 00010 1
5 00011 0
5 00100 0
5 00101 1
5 00110 0
5 00111 0
5 01000 0
5 01001 0
5 01010 0
5 01011 0
5 01100 1
5 01101 0
5 01110 1
5 01111 0
5 10000 0
5 10001 1
5 10010 0
5 10011 0
5 10100 1
5 10101 1
5 10110 0
5 10111 0
5 11000 0
5 11001 1
5 11010 0
5 11011 0
5 11100 1
5 11101 1
5 11110 0
5 11111 0
6 00000 1
6 00001 1
6 00010 1
6 00011 1
6 00100 1
6 00101 1
6 00110 1
6 00111 1
6 01000 1
6 01001 1
6 01010 1
6 01011 1
6 01100 1
6 01101 1
6 01110 0
6 01111 0
6 10000 1
6 10001 0
6 10010 1
6 10011 1
6 10100 1
6 10101 1
6 10110 0
6 10111 0
6 11000 1
6 11001 1
6 11010 0
6 11011 0
6 11100 1
6 11101 1
6 11110 0
6 11111 0
