0 000000000 0
0 000000001 0
0 000000010 1
0 000000011 0
0 000000100 0
0 000000101 0
0 000000110 0
0 000000111 1
0 000001000 0
0 000001001 1
0 000001010 0
0 000001011 1
0 000001100 0
0 000001101 1
0 000001110 1
0 000001111 1
0 000010000 0
0 000010001 0
0 000010010 1
0 000010011 0
0 000010100 0
0 000010101 1
0 000010110 0
0 000010111 1
0 000011000 1
0 000011001 1
0 000011010 0
0 000011011 1
0 000011100 1
0 000011101 0
0 000011110 0
0 000011111 1
0 000100000 0
0 000100001 0
0 000100010 1
0 000100011 0
0 000100100 1
0 000100101 1
0 000100110 1
0 000100111 0
0 000101000 0
0 000101001 0
0 000101010 0
0 000101011 0
0 000101100 1
0 000101101 0
0 000101110 0
0 000101111 0
0 000110000 0
0 000110001 1
0 000110010 1
0 000110011 0
0 000110100 1
0 000110101 1
0 000110110 0
0 000110111 1
0 000111000 1
0 000111001 0
0 000111010 0
0 000111011 1
0 000111100 1
0 000111101 1
0 000111110 0
0 000111111 0
0 001000000 0
0 001000001 0
0 001000010 0
0 001000011 0
0 001000100 0
0 001000101 0
0 001000110 0
0 001000111 1
0 001001000 0
0 001001001 1
0 001001010 0
0 001001011 1
0 001001100 0
0 001001101 1
0 001001110 1
0 001001111 1
0 001010000 0
0 001010001 0
0 001010010 0
0 001010011 1
0 001010100 0
0 001010101 0
0 001010110 1
0 001010111 1
0 001011000 0
0 001011001 1
0 001011010 0
0 001011011 1
0 001011100 0
0 001011101 1
0 001011110 0
0 001011111 0
0 001100000 1
0 001100001 0
0 001100010 0
0 001100011 0
0 001100100 0
0 001100101 1
0 001100110 0
0 001100111 1
0 001101000 1
0 001101001 1
0 001101010 0
0 001101011 1
0 001101100 1
0 001101101 0
0 001101110 1
0 001101111 0
0 001110000 0
0 001110001 0
0 001110010 0
0 001110011 1
0 001110100 0
0 001110101 1
0 001110110 1
0 001110111 1
0 001111000 0
0 001111001 1
0 001111010 0
0 001111011 1
0 001111100 1
0 001111101 0
0 001111110 1
0 001111111 0
0 010000000 1
0 010000001 1
0 010000010 1
0 010000011 0
0 010000100 0
0 010000101 1
0 010000110 0
0 010000111 1
0 010001000 1
0 010001001 1
0 010001010 1
0 010001011 0
0 010001100 1
0 010001101 0
0 010001110 0
0 010001111 1
0 010010000 1
0 010010001 0
0 010010010 0
0 010010011 0
0 010010100 0
0 010010101 1
0 010010110 0
0 010010111 1
0 010011000 1
0 010011001 1
0 010011010 1
0 010011011 0
0 010011100 0
0 010011101 0
0 010011110 0
0 010011111 1
0 010100000 1
0 010100001 1
0 010100010 0
0 010100011 0
0 010100100 0
0 010100101 0
0 010100110 1
0 010100111 0
0 010101000 0
0 010101001 0
0 010101010 0
0 010101011 0
0 010101100 0
0 010101101 0
0 010101110 0
0 010101111 1
0 010110000 0
0 010110001 0
0 010110010 0
0 010110011 0
0 010110100 0
0 010110101 1
0 010110110 1
0 010110111 1
0 010111000 1
0 010111001 1
0 010111010 1
0 010111011 1
0 010111100 1
0 010111101 1
0 010111110 1
0 010111111 1
0 011000000 1
0 011000001 0
0 011000010 1
0 011000011 1
0 011000100 0
0 011000101 0
0 011000110 1
0 011000111 1
0 011001000 1
0 011001001 1
0 011001010 0
0 011001011 0
0 011001100 1
0 011001101 0
0 011001110 1
0 011001111 1
0 011010000 0
0 011010001 1
0 011010010 1
0 011010011 1
0 011010100 0
0 011010101 1
0 011010110 0
0 011010111 1
0 011011000 1
0 011011001 1
0 011011010 0
0 011011011 0
0 011011100 0
0 011011101 0
0 011011110 1
0 011011111 1
0 011100000 0
0 011100001 0
0 011100010 1
0 011100011 1
0 011100100 1
0 011100101 0
0 011100110 1
0 011100111 0
0 011101000 1
0 011101001 1
0 011101010 1
0 011101011 0
0 011101100 0
0 011101101 0
0 011101110 1
0 011101111 0
0 011110000 1
0 011110001 0
0 011110010 0
0 011110011 0
0 011110100 1
0 011110101 0
0 011110110 0
0 011110111 1
0 011111000 1
0 011111001 0
0 011111010 1
0 011111011 1
0 011111100 0
0 011111101 0
0 011111110 1
0 011111111 1
0 100000000 1
0 100000001 0
0 100000010 0
0 100000011 0
0 100000100 0
0 100000101 1
0 100000110 0
0 100000111 1
0 100001000 1
0 100001001 1
0 100001010 1
0 100001011 0
0 100001100 0
0 100001101 0
0 100001110 1
0 100001111 1
0 100010000 0
0 100010001 1
0 100010010 1
0 100010011 0
0 100010100 1
0 100010101 1
0 100010110 0
0 100010111 0
0 100011000 1
0 100011001 1
0 100011010 0
0 100011011 1
0 100011100 0
0 100011101 1
0 100011110 0
0 100011111 1
0 100100000 1
0 100100001 0
0 100100010 1
0 100100011 1
0 100100100 1
0 100100101 1
0 100100110 0
0 100100111 0
0 100101000 0
0 100101001 1
0 100101010 0
0 100101011 0
0 100101100 0
0 100101101 0
0 100101110 0
0 100101111 1
0 100110000 1
0 100110001 1
0 100110010 0
0 100110011 0
0 100110100 0
0 100110101 1
0 100110110 1
0 100110111 0
0 100111000 1
0 100111001 1
0 100111010 1
0 100111011 0
0 100111100 0
0 100111101 1
0 100111110 1
0 100111111 1
0 101000000 0
0 101000001 0
0 101000010 0
0 101000011 0
0 101000100 1
0 101000101 0
0 101000110 1
0 101000111 0
0 101001000 0
0 101001001 1
0 101001010 0
0 101001011 1
0 101001100 0
0 101001101 1
0 101001110 0
0 101001111 1
0 101010000 0
0 101010001 0
0 101010010 0
0 101010011 0
0 101010100 0
0 101010101 1
0 101010110 0
0 101010111 0
0 101011000 1
0 101011001 1
0 101011010 1
0 101011011 0
0 101011100 0
0 101011101 0
0 101011110 1
0 101011111 0
0 101100000 1
0 101100001 0
0 101100010 0
0 101100011 0
0 101100100 0
0 101100101 1
0 101100110 0
0 101100111 0
0 101101000 1
0 101101001 1
0 101101010 0
0 101101011 1
0 101101100 1
0 101101101 0
0 101101110 1
0 101101111 1
0 101110000 0
0 101110001 1
0 101110010 0
0 101110011 0
0 101110100 1
0 101110101 0
0 101110110 0
0 101110111 1
0 101111000 1
0 101111001 1
0 101111010 1
0 101111011 1
0 101111100 0
0 101111101 0
0 101111110 0
0 101111111 1
0 110000000 0
0 110000001 0
0 110000010 1
0 110000011 1
0 110000100 1
0 110000101 0
0 110000110 1
0 110000111 1
0 110001000 1
0 110001001 0
0 110001010 0
0 110001011 0
0 110001100 1
0 110001101 1
0 110001110 0
0 110001111 1
0 110010000 1
0 110010001 0
0 110010010 1
0 110010011 0
0 110010100 0
0 110010101 1
0 110010110 1
0 110010111 1
0 110011000 1
0 110011001 0
0 110011010 0
0 110011011 1
0 110011100 1
0 110011101 0
0 110011110 0
0 110011111 1
0 110100000 0
0 110100001 1
0 110100010 0
0 110100011 0
0 110100100 1
0 110100101 0
0 110100110 1
0 110100111 0
0 110101000 0
0 110101001 1
0 110101010 1
0 110101011 1
0 110101100 1
0 110101101 1
0 110101110 1
0 110101111 1
0 110110000 1
0 110110001 1
0 110110010 0
0 110110011 1
0 110110100 0
0 110110101 0
0 110110110 0
0 110110111 1
0 110111000 0
0 110111001 0
0 110111010 0
0 110111011 1
0 110111100 1
0 110111101 0
0 110111110 1
0 110111111 1
0 111000000 0
0 111000001 1
0 111000010 1
0 111000011 0
0 111000100 1
0 111000101 0
0 111000110 1
0 111000111 1
0 111001000 0
0 111001001 1
0 111001010 0
0 111001011 1
0 111001100 1
0 111001101 0
0 111001110 1
0 111001111 1
0 111010000 1
0 111010001 1
0 111010010 0
0 111010011 0
0 111010100 1
0 111010101 0
0 111010110 1
0 111010111 1
0 111011000 0
0 111011001 0
0 111011010 1
0 111011011 1
0 111011100 0
0 111011101 0
0 111011110 1
0 111011111 0
0 111100000 0
0 111100001 0
0 111100010 0
0 111100011 1
0 111100100 1
0 111100101 0
0 111100110 1
0 111100111 1
0 111101000 1
0 111101001 1
0 111101010 0
0 111101011 0
0 111101100 0
0 111101101 1
0 111101110 0
0 111101111 1
0 111110000 0
0 111110001 0
0 111110010 1
0 111110011 0
0 111110100 0
0 111110101 1
0 111110110 0
0 111110111 1
0 111111000 1
0 111111001 1
0 111111010 0
0 111111011 1
0 111111100 1
0 111111101 1
0 111111110 1
0 111111111 1
1 000000 1
1 000001 1
1 000010 1
1 000011 1
1 000100 1
1 000101 1
1 000110 1
1 000111 1
1 001000 1
1 001001 1
1 001010 1
1 001011 1
1 001100 1
1 001101 0
1 001110 0
1 001111 0
1 010000 1
1 010001 1
1 010010 1
1 010011 0
1 010100 1
1 010101 1
1 010110 1
1 010111 0
1 011000 1
1 011001 1
1 011010 1
1 011011 0
1 011100 1
1 011101 0
1 011110 0
1 011111 0
1 100000 1
1 100001 1
1 100010 1
1 100011 0
1 100100 1
1 100101 0
1 100110 1
1 100111 0
1 101000 1
1 101001 0
1 101010 1
1 101011 1
1 101100 1
1 101101 0
1 101110 0
1 101111 0
1 110000 1
1 110001 0
1 110010 1
1 110011 0
1 110100 0
1 110101 0
1 110110 0
1 110111 0
1 111000 1
1 111001 0
1 111010 0
1 111011 0
1 111100 0
1 111101 0
1 111110 0
1 111111 0
2 000000 0
2 000001 0
2 000010 0
2 000011 0
2 000100 0
2 000101 0
2 000110 0
2 000111 0
2 001000 0
2 001001 0
2 001010 0
2 001011 0
2 001100 0
2 001101 0
2 001110 0
2 001111 0
2 010000 0
2 010001 0
2 010010 0
2 010011 0
2 010100 0
2 010101 1
2 010110 0
2 010111 0
2 011000 0
2 011001 0
2 011010 0
2 011011 0
2 011100 0
2 011101 1
2 011110 0
2 011111 1
2 100000 0
2 100001 0
2 100010 0
2 100011 0
2 100100 0
2 100101 0
2 100110 0
2 100111 0
2 101000 0
2 101001 0
2 101010 0
2 101011 0
2 101100 0
2 101101 1
2 101110 0
2 101111 0
2 110000 0
2 110001 0
2 110010 0
2 110011 0
2 110100 0
2 110101 0
2 110110 0
2 110111 0
2 111000 0
2 111001 0
2 111010 0
2 111011 0
2 111100 1
2 111101 1
2 111110 0
2 111111 0
3 000000 0
3 000001 0
3 000010 0
3 000011 1
3 000100 0
3 000101 1
3 000110 0
3 000111 0
3 001000 1
3 001001 1
3 001010 1
3 001011 1
3 001100 1
3 001101 0
3 001110 0
3 001111 0
3 010000 1
3 010001 1
3 010010 1
3 010011 1
3 010100 1
3 010101 0
3 010110 1
3 010111 0
3 011000 1
3 011001 0
3 011010 1
3 011011 1
3 011100 1
3 011101 1
3 011110 1
3 011111 1
3 100000 0
3 100001 0
3 100010 1
3 100011 0
3 100100 1
3 100101 1
3 100110 0
3 100111 1
3 101000 1
3 101001 1
3 101010 1
3 101011 1
3 101100 0
3 101101 0
3 101110 1
3 101111 1
3 110000 1
3 110001 0
3 110010 0
3 110011 0
3 110100 0
3 110101 1
3 110110 0
3 110111 0
3 111000 1
3 111001 0
3 111010 1
3 111011 1
3 111100 1
3 111101 1
3 111110 1
3 111111 1
4 000000 0
4 000001 0
4 000010 0
4 000011 0
4 000100 0
4 000101 1
4 000110 1
4 000111 1
4 001000 0
4 001001 1
4 001010 0
4 001011 1
4 001100 0
4 001101 1
4 001110 1
4 001111 0
4 010000 0
4 010001 1
4 010010 1
4 010011 1
4 010100 0
4 010101 0
4 010110 1
4 010111 0
4 011000 1
4 011001 1
4 011010 1
4 011011 0
4 011100 1
4 011101 1
4 011110 0
4 011111 1
4 100000 0
4 100001 1
4 100010 1
4 100011 1
4 100100 0
4 100101 1
4 100110 1
4 100111 1
4 101000 1
4 101001 1
4 101010 1
4 101011 1
4 101100 1
4 101101 1
4 101110 1
4 101111 1
4 110000 1
4 110001 0
4 110010 1
4 110011 1
4 110100 1
4 110101 0
4 110110 0
4 110111 1
4 111000 1
4 111001 1
4 111010 1
4 111011 0
4 111100 1
4 111101 0
4 111110 0
4 111111 0
5 000000 1
5 000001 1
5 000010 1
5 000011 0
5 000100 1
5 000101 1
5 000110 0
5 000111 0
5 001000 1
5 001001 1
5 001010 1
5 001011 0
5 001100 0
5 001101 0
5 001110 1
5 001111 0
5 010000 1
5 010001 1
5 010010 1
5 010011 0
5 010100 1
5 010101 1
5 010110 0
5 010111 0
5 011000 1
5 011001 0
5 011010 0
5 011011 0
5 011100 1
5 011101 1
5 011110 0
5 011111 0
5 100000 1
5 100001 1
5 100010 0
5 100011 0
5 100100 1
5 100101 1
5 100110 0
5 100111 0
5 101000 0
5 101001 0
5 101010 0
5 101011 0
5 101100 1
5 101101 1
5 101110 0
5 101111 0
5 110000 1
5 110001 1
5 110010 0
5 110011 0
5 110100 1
5 110101 1
5 110110 0
5 110111 0
5 111000 1
5 111001 0
5 111010 0
5 111011 0
5 111100 0
5 111101 1
5 111110 0
5 111111 0
6 000000 1
6 000001 1
6 000010 1
6 000011 1
6 000100 1
6 000101 1
6 000110 1
6 000111 0
6 001000 1
6 001001 1
6 001010 1
6 001011 0
6 001100 1
6 001101 1
6 001110 0
6 001111 0
6 010000 1
6 010001 1
6 010010 1
6 010011 1
6 010100 1
6 010101 1
6 010110 1
6 010111 1
6 011000 1
6 011001 1
6 011010 0
6 011011 0
6 011100 1
6 011101 0
6 011110 0
6 011111 0
6 100000 1
6 100001 1
6 100010 1
6 100011 1
6 100100 1
6 100101 1
6 100110 1
6 100111 1
6 101000 1
6 101001 1
6 101010 0
6 101011 0
6 101100 0
6 101101 1
6 101110 0
6 101111 0
6 110000 1
6 110001 0
6 110010 1
6 110011 0
6 110100 1
6 110101 0
6 110110 1
6 110111 0
6 111000 1
6 111001 1
6 111010 0
6 111011 0
6 111100 0
6 111101 0
6 111110 0
6 111111 0
