0 00000 1
0 00001 1
0 00010 1
0 00011 1
0 00100 0
0 00101 0
0 00110 1
0 00111 0
0 01000 1
0 01001 0
0 01010 1
0 01011 0
0 01100 1
0 01101 0
0 01110 1
0 01111 0
0 10000 0
0 10001 1
0 10010 1
0 10011 1
0 10100 0
0 10101 0
0 10110 1
0 10111 1
0 11000 1
0 11001 1
0 11010 1
0 11011 1
0 11100 1
0 11101 1
0 11110 1
0 11111 1
1 00000 1
1 00001 1
1 00010 0
1 00011 1
1 00100 0
1 00101 1
1 00110 1
1 00111 0
1 01000 1
1 01001 1
1 01010 0
1 01011 1
1 01100 1
1 01101 1
1 01110 0
1 01111 0
1 10000 1
1 10001 1
1 10010 1
1 10011 1
1 10100 0
1 10101 0
1 10110 0
1 10111 0
1 11000 1
1 11001 0
1 11010 0
1 11011 0
1 11100 0
1 11101 0
1 11110 0
1 11111 0
2 0000 1
2 0001 1
2 0010 1
2 0011 0
2 0100 1
2 0101 1
2 0110 0
2 0111 0
2 1000 1
2 1001 1
2 1010 0
2 1011 0
2 1100 1
2 1101 0
2 1110 1
2 1111 1
3 00000 1
3 00001 0
3 00010 0
3 00011 1
3 00100 1
3 00101 0
3 00110 1
3 00111 0
3 01000 1
3 01001 1
3 01010 0
3 01011 1
3 01100 0
3 01101 0
3 01110 1
3 01111 0
3 10000 0
3 10001 1
3 10010 1
3 10011 1
3 10100 1
3 10101 1
3 10110 0
3 10111 0
3 11000 1
3 11001 0
3 11010 1
3 11011 0
3 11100 0
3 11101 0
3 11110 1
3 11111 1
4 00000 0
4 00001 1
4 00010 1
4 00011 1
4 00100 0
4 00101 0
4 00110 1
4 00111 0
4 01000 0
4 01001 1
4 01010 1
4 01011 1
4 01100 1
4 01101 0
4 01110 0
4 01111 1
4 10000 0
4 10001 1
4 10010 1
4 10011 0
4 10100 0
4 10101 0
4 10110 0
4 10111 0
4 11000 0
4 11001 0
4 11010 1
4 11011 1
4 11100 1
4 11101 0
4 11110 0
4 11111 0
5 00000 1
5 00001 1
5 00010 1
5 00011 0
5 00100 0
5 00101 0
5 00110 1
5 00111 0
5 01000 1
5 01001 0
5 01010 1
5 01011 0
5 01100 1
5 01101 1
5 01110 1
5 01111 1
5 10000 0
5 10001 0
5 10010 1
5 10011 0
5 10100 0
5 10101 1
5 10110 0
5 10111 1
5 11000 1
5 11001 1
5 11010 1
5 11011 0
5 11100 0
5 11101 0
5 11110 0
5 11111 1
6 00000 1
6 00001 1
6 00010 1
6 00011 1
6 00100 1
6 00101 1
6 00110 0
6 00111 1
6 01000 1
6 01001 1
6 01010 0
6 01011 1
6 01100 1
6 01101 1
6 01110 1
6 01111 0
6 10000 1
6 10001 0
6 10010 0
6 10011 0
6 10100 1
6 10101 1
6 10110 1
6 10111 1
6 11000 1
6 11001 1
6 11010 0
6 11011 1
6 11100 1
6 11101 1
6 11110 0
6 11111 0
