0 000000 0
0 000001 1
0 000010 1
0 000011 1
0 000100 0
0 000101 1
0 000110 0
0 000111 1
0 001000 0
0 001001 1
0 001010 0
0 001011 1
0 001100 1
0 001101 1
0 001110 0
0 001111 1
0 010000 1
0 010001 1
0 010010 1
0 010011 1
0 010100 0
0 010101 0
0 010110 1
0 010111 0
0 011000 1
0 011001 1
0 011010 1
0 011011 1
0 011100 1
0 011101 0
0 011110 0
0 011111 1
0 100000 1
0 100001 0
0 100010 0
0 100011 0
0 100100 1
0 100101 1
0 100110 1
0 100111 1
0 101000 1
0 101001 1
0 101010 0
0 101011 0
0 101100 1
0 101101 1
0 101110 1
0 101111 1
0 110000 1
0 110001 0
0 110010 0
0 110011 1
0 110100 1
0 110101 1
0 110110 1
0 110111 0
0 111000 0
0 111001 1
0 111010 0
0 111011 0
0 111100 1
0 111101 0
0 111110 1
0 111111 1
1 00000 1
1 00001 1
1 00010 0
1 00011 0
1 00100 0
1 00101 1
1 00110 0
1 00111 0
1 01000 1
1 01001 1
1 01010 0
1 01011 0
1 01100 0
1 01101 1
1 01110 0
1 01111 0
1 10000 1
1 10001 1
1 10010 0
1 10011 1
1 10100 0
1 10101 0
1 10110 0
1 10111 0
1 11000 1
1 11001 0
1 11010 0
1 11011 0
1 11100 0
1 11101 0
1 11110 0
1 11111 0
2 0000 1
2 0001 1
2 0010 1
2 0011 1
2 0100 1
2 0101 1
2 0110 1
2 0111 1
2 1000 1
2 1001 1
2 1010 1
2 1011 0
2 1100 1
2 1101 1
2 1110 1
2 1111 1
3 00000 1
3 00001 0
3 00010 0
3 00011 1
3 00100 1
3 00101 0
3 00110 1
3 00111 0
3 01000 1
3 01001 1
3 01010 0
3 01011 1
3 01100 0
3 01101 0
3 01110 1
3 01111 0
3 10000 0
3 10001 1
3 10010 1
3 10011 1
3 10100 1
3 10101 1
3 10110 0
3 10111 0
3 11000 1
3 11001 0
3 11010 1
3 11011 0
3 11100 1
3 11101 0
3 11110 1
3 11111 1
4 00000 0
4 00001 1
4 00010 1
4 00011 1
4 00100 1
4 00101 0
4 00110 1
4 00111 0
4 01000 0
4 01001 1
4 01010 1
4 01011 1
4 01100 1
4 01101 0
4 01110 0
4 01111 1
4 10000 0
4 10001 1
4 10010 1
4 10011 0
4 10100 0
4 10101 1
4 10110 0
4 10111 0
4 11000 1
4 11001 0
4 11010 1
4 11011 1
4 11100 1
4 11101 1
4 11110 0
4 11111 0
5 00000 1
5 00001 1
5 00010 0
5 00011 0
5 00100 1
5 00101 1
5 00110 1
5 00111 0
5 01000 0
5 01001 0
5 01010 0
5 01011 0
5 01100 1
5 01101 1
5 01110 0
5 01111 0
5 10000 0
5 10001 1
5 10010 0
5 10011 0
5 10100 1
5 10101 0
5 10110 0
5 10111 0
5 11000 1
5 11001 1
5 11010 0
5 11011 0
5 11100 1
5 11101 0
5 11110 1
5 11111 0
6 00000 1
6 00001 1
6 00010 1
6 00011 1
6 00100 1
6 00101 1
6 00110 1
6 00111 1
6 01000 1
6 01001 1
6 01010 1
6 01011 1
6 01100 1
6 01101 1
6 01110 0
6 01111 0
6 10000 1
6 10001 0
6 10010 0
6 10011 0
6 10100 1
6 10101 1
6 10110 0
6 10111 1
6 11000 1
6 11001 1
6 11010 0
6 11011 1
6 11100 1
6 11101 1
6 11110 0
6 11111 0
