0 0000000 0
0 0000001 0
0 0000010 0
0 0000011 0
0 0000100 0
0 0000101 0
0 0000110 0
0 0000111 0
0 0001000 1
0 0001001 1
0 0001010 0
0 0001011 0
0 0001100 1
0 0001101 1
0 0001110 1
0 0001111 0
0 0010000 1
0 0010001 1
0 0010010 1
0 0010011 1
0 0010100 0
0 0010101 0
0 0010110 1
0 0010111 1
0 0011000 1
0 0011001 0
0 0011010 1
0 0011011 0
0 0011100 1
0 0011101 1
0 0011110 1
0 0011111 0
0 0100000 1
0 0100001 1
0 0100010 1
0 0100011 0
0 0100100 1
0 0100101 1
0 0100110 0
0 0100111 1
0 0101000 0
0 0101001 0
0 0101010 1
0 0101011 1
0 0101100 1
0 0101101 1
0 0101110 1
0 0101111 1
0 0110000 1
0 0110001 0
0 0110010 1
0 0110011 1
0 0110100 0
0 0110101 1
0 0110110 0
0 0110111 0
0 0111000 1
0 0111001 0
0 0111010 0
0 0111011 0
0 0111100 0
0 0111101 0
0 0111110 0
0 0111111 1
0 1000000 0
0 1000001 0
0 1000010 0
0 1000011 0
0 1000100 1
0 1000101 0
0 1000110 1
0 1000111 0
0 1001000 1
0 1001001 0
0 1001010 0
0 1001011 1
0 1001100 0
0 1001101 0
0 1001110 0
0 1001111 1
0 1010000 1
0 1010001 1
0 1010010 0
0 1010011 0
0 1010100 0
0 1010101 1
0 1010110 0
0 1010111 1
0 1011000 1
0 1011001 1
0 1011010 0
0 1011011 1
0 1011100 1
0 1011101 0
0 1011110 1
0 1011111 1
0 1100000 0
0 1100001 1
0 1100010 1
0 1100011 1
0 1100100 1
0 1100101 0
0 1100110 0
0 1100111 1
0 1101000 1
0 1101001 1
0 1101010 0
0 1101011 1
0 1101100 1
0 1101101 1
0 1101110 0
0 1101111 1
0 1110000 1
0 1110001 0
0 1110010 1
0 1110011 0
0 1110100 1
0 1110101 1
0 1110110 1
0 1110111 1
0 1111000 0
0 1111001 1
0 1111010 0
0 1111011 1
0 1111100 0
0 1111101 1
0 1111110 1
0 1111111 1
1 00000 1
1 00001 1
1 00010 0
1 00011 1
1 00100 0
1 00101 1
1 00110 0
1 00111 0
1 01000 0
1 01001 0
1 01010 0
1 01011 1
1 01100 0
1 01101 0
1 01110 0
1 01111 0
1 10000 1
1 10001 1
1 10010 1
1 10011 0
1 10100 0
1 10101 0
1 10110 0
1 10111 0
1 11000 0
1 11001 0
1 11010 0
1 11011 0
1 11100 0
1 11101 0
1 11110 0
1 11111 0
2 0000 1
2 0001 1
2 0010 1
2 0011 1
2 0100 1
2 0101 1
2 0110 1
2 0111 1
2 1000 1
2 1001 1
2 1010 1
2 1011 0
2 1100 1
2 1101 1
2 1110 1
2 1111 1
3 00000 1
3 00001 0
3 00010 0
3 00011 1
3 00100 1
3 00101 0
3 00110 1
3 00111 0
3 01000 1
3 01001 1
3 01010 0
3 01011 1
3 01100 1
3 01101 0
3 01110 1
3 01111 0
3 10000 0
3 10001 1
3 10010 1
3 10011 1
3 10100 1
3 10101 1
3 10110 0
3 10111 0
3 11000 1
3 11001 0
3 11010 1
3 11011 0
3 11100 1
3 11101 0
3 11110 1
3 11111 1
4 00000 0
4 00001 1
4 00010 1
4 00011 1
4 00100 1
4 00101 0
4 00110 0
4 00111 0
4 01000 1
4 01001 1
4 01010 1
4 01011 1
4 01100 1
4 01101 0
4 01110 0
4 01111 0
4 10000 0
4 10001 1
4 10010 1
4 10011 1
4 10100 0
4 10101 1
4 10110 1
4 10111 0
4 11000 0
4 11001 0
4 11010 1
4 11011 1
4 11100 1
4 11101 1
4 11110 0
4 11111 0
5 00000 1
5 00001 1
5 00010 0
5 00011 0
5 00100 1
5 00101 1
5 00110 1
5 00111 0
5 01000 0
5 01001 1
5 01010 0
5 01011 0
5 01100 1
5 01101 1
5 01110 1
5 01111 0
5 10000 0
5 10001 1
5 10010 0
5 10011 0
5 10100 1
5 10101 1
5 10110 0
5 10111 0
5 11000 0
5 11001 1
5 11010 0
5 11011 0
5 11100 1
5 11101 0
5 11110 0
5 11111 0
6 00000 1
6 00001 1
6 00010 1
6 00011 1
6 00100 1
6 00101 1
6 00110 1
6 00111 1
6 01000 1
6 01001 1
6 01010 1
6 01011 1
6 01100 1
6 01101 1
6 01110 0
6 01111 0
6 10000 1
6 10001 0
6 10010 1
6 10011 1
6 10100 1
6 10101 0
6 10110 1
6 10111 0
6 11000 1
6 11001 1
6 11010 0
6 11011 1
6 11100 1
6 11101 1
6 11110 0
6 11111 0
